594.0
576.0
587.0
599.0
594.0
583.0
575.0
585.0
597.0
583.0
567.0
575.0
587.0
585.0
575.0
565.0
575.0
586.0
575.0
558.0
565.0
573.0
575.0
563.0
552.0
564.0
577.0
564.0
548.0
553.0
561.0
566.0
555.0
543.0
553.0
568.0
555.0
538.0
543.0
550.0
557.0
545.0
532.0
544.0
558.0
547.0
533.0
534.0
542.0
549.0
537.0
522.0
532.0
548.0
540.0
527.0
525.0
535.0
544.0
531.0
516.0
528.0
542.0
535.0
526.0
519.0
529.0
539.0
524.0
508.0
521.0
535.0
529.0
519.0
511.0
523.0
534.0
521.0
505.0
515.0
528.0
525.0
514.0
505.0
516.0
527.0
514.0
498.0
505.0
517.0
515.0
504.0
494.0
504.0
517.0
503.0
487.0
494.0
503.0
502.0
491.0
481.0
493.0
507.0
492.0
476.0
482.0
488.0
493.0
483.0
472.0
477.0
491.0
481.0
467.0
469.0
475.0
479.0
469.0
455.0
466.0
480.0
469.0
454.0
455.0
463.0
471.0
457.0
443.0
454.0
469.0
459.0
445.0
443.0
452.0
459.0
447.0
431.0
443.0
458.0
450.0
439.0
434.0
444.0
452.0
442.0
430.0
438.0
449.0
446.0
439.0
433.0
440.0
449.0
440.0
428.0
434.0
444.0
442.0
435.0
428.0
434.0
444.0
435.0
424.0
430.0
439.0
439.0
432.0
412.0
417.0
429.0
419.0
407.0
409.0
415.0
417.0
404.0
392.0
403.0
415.0
401.0
386.0
391.0
395.0
401.0
387.0
371.0
379.0
389.0
368.0
348.0
351.0
358.0
366.0
355.0
344.0
357.0
369.0
362.0
348.0
352.0
362.0
370.0
360.0
347.0
0.0
0.0
0.0
0.0
0.0
0.0
0.0
0.0
0.0
0.0
0.0
0.0
0.0
0.0
0.0
0.0
0.0
0.0
0.0
0.0
0.0
0.0
0.0
0.0
0.0
0.0
0.0
0.0
0.0
0.0
0.0
0.0
0.0
0.0
0.0
0.0
0.0
0.0
0.0
0.0
0.0
0.0
0.0
0.0
0.0
0.0
0.0
0.0
0.0
0.0
0.0
0.0
0.0
0.0
0.0
0.0
0.0
0.0
0.0
0.0
0.0
0.0
0.0
0.0
0.0
0.0
0.0
0.0
0.0
0.0
0.0
0.0
0.0
0.0
0.0
0.0
0.0
0.0
0.0
0.0
0.0
0.0
0.0
0.0
0.0
0.0
0.0
0.0
0.0
0.0
0.0
0.0
0.0
0.0
0.0
0.0
0.0
0.0
0.0
0.0
0.0
747.0
750.0
751.0
753.0
756.0
758.0
759.0
762.0
765.0
767.0
768.0
771.0
774.0
776.0
778.0
779.0
781.0
781.0
785.0
787.0
788.0
790.0
792.0
794.0
796.0
798.0
799.0
801.0
803.0
805.0
806.0
808.0
810.0
812.0
816.0
819.0
822.0
826.0
829.0
831.0
835.0
837.0
840.0
843.0
845.0
847.0
849.0
850.0
852.0
854.0
855.0
857.0
859.0
860.0
860.0
862.0
862.0
863.0
863.0
864.0
864.0
865.0
865.0
866.0
866.0
868.0
868.0
868.0
869.0
870.0
871.0
872.0
873.0
873.0
874.0
875.0
876.0
876.0
877.0
879.0
881.0
883.0
883.0
885.0
885.0
886.0
887.0
889.0
890.0
890.0
891.0
893.0
894.0
895.0
897.0
899.0
901.0
903.0
904.0
906.0
908.0
909.0
910.0
911.0
912.0
914.0
915.0
916.0
916.0
918.0
919.0
920.0
921.0
922.0
923.0
924.0
925.0
926.0
926.0
928.0
929.0
930.0
932.0
932.0
934.0
934.0
935.0
936.0
936.0
937.0
937.0
937.0
938.0
938.0
939.0
962.0
1023.0
1023.0
1023.0
1023.0
1023.0
1023.0
1023.0
1023.0
1023.0
1023.0
1023.0
1023.0
1023.0
1023.0
1023.0
1023.0
1023.0
1023.0
1023.0
1023.0
1023.0
970.0
972.0
974.0
975.0
977.0
978.0
980.0
982.0
983.0
985.0
987.0
988.0
989.0
990.0
991.0
992.0
993.0
994.0
995.0
997.0
998.0
1000.0
1002.0
1002.0
1005.0
1006.0
1008.0
1009.0
