547.0
547.0
547.0
546.0
546.0
547.0
548.0
548.0
548.0
548.0
549.0
549.0
548.0
548.0
549.0
549.0
549.0
548.0
549.0
549.0
549.0
549.0
548.0
548.0
548.0
547.0
547.0
546.0
546.0
546.0
546.0
545.0
546.0
546.0
545.0
544.0
543.0
543.0
542.0
541.0
540.0
539.0
539.0
538.0
537.0
535.0
534.0
532.0
530.0
528.0
525.0
521.0
516.0
510.0
503.0
496.0
490.0
483.0
478.0
473.0
469.0
465.0
461.0
457.0
454.0
451.0
448.0
445.0
443.0
442.0
440.0
439.0
438.0
437.0
436.0
435.0
433.0
432.0
432.0
431.0
430.0
429.0
429.0
428.0
428.0
427.0
427.0
426.0
426.0
425.0
424.0
424.0
424.0
423.0
423.0
423.0
423.0
423.0
423.0
422.0
422.0
423.0
423.0
422.0
422.0
423.0
423.0
423.0
423.0
424.0
424.0
424.0
424.0
425.0
426.0
426.0
426.0
427.0
427.0
428.0
428.0
428.0
428.0
429.0
429.0
429.0
429.0
430.0
430.0
430.0
430.0
430.0
430.0
431.0
430.0
430.0
431.0
431.0
431.0
431.0
431.0
432.0
432.0
432.0
432.0
432.0
433.0
433.0
433.0
433.0
434.0
435.0
435.0
435.0
435.0
436.0
436.0
436.0
436.0
437.0
438.0
438.0
438.0
438.0
439.0
439.0
439.0
439.0
439.0
439.0
439.0
439.0
439.0
439.0
439.0
439.0
439.0
439.0
439.0
439.0
439.0
438.0
439.0
438.0
438.0
438.0
438.0
438.0
438.0
438.0
438.0
438.0
438.0
437.0
437.0
437.0
437.0
437.0
437.0
437.0
437.0
437.0
436.0
436.0
436.0
436.0
435.0
434.0
434.0
434.0
434.0
433.0
432.0
432.0
432.0
431.0
431.0
430.0
430.0
430.0
429.0
429.0
429.0
429.0
429.0
428.0
428.0
428.0
428.0
428.0
427.0
427.0
427.0
427.0
427.0
426.0
426.0
426.0
426.0
425.0
425.0
425.0
425.0
424.0
424.0
424.0
424.0
423.0
423.0
423.0
423.0
423.0
422.0
422.0
422.0
423.0
422.0
422.0
422.0
422.0
422.0
421.0
421.0
421.0
421.0
421.0
421.0
421.0
421.0
421.0
421.0
420.0
421.0
421.0
421.0
421.0
421.0
421.0
421.0
421.0
420.0
421.0
421.0
421.0
420.0
420.0
420.0
420.0
419.0
418.0
418.0
417.0
417.0
416.0
415.0
415.0
415.0
415.0
414.0
415.0
415.0
414.0
414.0
413.0
413.0
413.0
413.0
412.0
412.0
412.0
412.0
412.0
411.0
411.0
411.0
410.0
410.0
409.0
410.0
410.0
410.0
409.0
409.0
410.0
409.0
409.0
409.0
409.0
409.0
409.0
409.0
409.0
410.0
410.0
409.0
409.0
409.0
409.0
409.0
409.0
409.0
409.0
409.0
409.0
409.0
409.0
409.0
408.0
408.0
408.0
408.0
408.0
407.0
407.0
408.0
408.0
408.0
407.0
407.0
407.0
407.0
406.0
406.0
406.0
405.0
405.0
404.0
404.0
404.0
404.0
403.0
403.0
403.0
403.0
403.0
402.0
402.0
402.0
402.0
402.0
402.0
402.0
402.0
402.0
401.0
401.0
401.0
401.0
401.0
401.0
401.0
401.0
401.0
401.0
400.0
400.0
400.0
400.0
399.0
400.0
400.0
399.0
399.0
399.0
399.0
399.0
398.0
398.0
398.0
398.0
398.0
398.0
397.0
397.0
397.0
397.0
397.0
397.0
397.0
397.0
397.0
397.0
397.0
397.0
397.0
397.0
397.0
397.0
397.0
397.0
397.0
397.0
397.0
397.0
397.0
397.0
397.0
397.0
397.0
397.0
397.0
397.0
397.0
397.0
397.0
397.0
397.0
397.0
397.0
397.0
397.0
397.0
397.0
397.0
397.0
397.0
397.0
397.0
397.0
397.0
397.0
397.0
397.0
397.0
397.0
397.0
397.0
397.0
397.0
397.0
397.0
397.0
397.0
398.0
398.0
397.0
398.0
398.0
398.0
398.0
398.0
398.0
399.0
398.0
398.0
398.0
398.0
398.0
398.0
398.0
